35232142
40143035
35951548
36266422
38826984
34540833
20836172
35932467
40758845
30358490
34615665
35890902
37922330
30844962
36217333
30816523
38900884
13890581
40194700
37903647
13291223
36052570
34944735
32159602
34988915
37889203
33609927
33578778
36888270
36846007
31723471
15921828
39109408
20936833
36832879
14958201
34352262
39805395
34303109
39939090
29347771
36783415
37935687
40260829
36478199
34541803
35360841
35550407
37561590
39328843
35389665
33080187
38636995
18536236
36289151
23017045
36418082
34396551
39720944
35884842
35403375
26341324
19212345
30548367
37919402
39995133
40249088
40254388
31995230
38632129
35720795
23906759
19410108
30745137
26553115
37872311
35553131
39038936
38735486
17087845
37443011
36855749
35613141
39088847
33197277
33815489
35862754
36080615
22822742
39747536
34218396
39150388
28765782
35828022
27717735
37977826
31768588
37183351
39622090
39272756
32138822
31070114
39652762
33258866
36962388
32282272
36093072
38879972
32106473
40415815
34581918
33004157
30334943
33280503
25726782
35479854
32716226
37047554
36565290
27758640
28897118
38452661
38033492
35949555
15263826
37313866
13911157
39594894
